23227001
30845883
31256756
31777312
29692469
29334885
30234752
26352600
23074388
30028786
26087226
25773353
22068001
24570313
20730402
30916490
20055895
27547515
26339816
27438128
21077323
23977775
31834685
26646133
21258219
26931313
32653479
24439701
30384027
26467429
25227958
31048982
25647227
32503620
24997477
24565117
22276066
21292207
31010444
29057824
21872777
28182607
29420458
30730870
32027628
25654610
26845283
26758509
21992071
20731877
21803342
20959878
27111678
25078381
30851854
25947329
24575770
26682145
30755077
21324289
28817627
21943313
20442306
31536845
31214029
30510923
32281330
22160788
30205129
28662834
25327087
23622876
31660402
30037756
23560875
23294514
28840607
26219642
27372524
24253212
21535479
22844140
24641971
25348226
29896482
26851530
27624719
22130590
26709867
31214594
22885152
28472023
28493855
28617770
28151929
22057223
30741641
27663305
30062648
21248682
27441024
21985432
23942172
25447628
28793980
22795643
24439719
23637855
27145195
27510874
31653530
28083171
22027485
23615860
28210891
29439732
27583404
32541510
24851207
25282145
25337457
29270816
25586451
27628048
30817457
28414562
31240337
20715299
22584875
22983720
25609541
23595662
21176253
32493460
20880049
32227560
22337238
23782112
21332662
30683427
27337185
26870985
24414251
28809013
29082207
26140937
20008906
32014050
22928398
29456434
28582591
26412344
24840677
30373486
30371115
28911283
21819357
24356726
29409500
32660628
25656516
23602917
32399908
20541395
31928754
31042063
29047407
30361181
21726946
21816625
27713113
30613131
28375759
26308836
20586585
27893915
25149894
27247678
25327898
25330311
25329711
25329600
32996823
